(kicad_pcb (version 20171130) (host pcbnew 5.1.5-52549c5~84~ubuntu18.04.1)

  (general
    (thickness 1.6)
    (drawings 0)
    (tracks 0)
    (zones 0)
    (modules 28)
    (nets 29)
  )

  (page A4)
  (layers
    (0 F.Cu signal)
    (31 B.Cu signal)
    (32 B.Adhes user)
    (33 F.Adhes user)
    (34 B.Paste user)
    (35 F.Paste user)
    (36 B.SilkS user)
    (37 F.SilkS user)
    (38 B.Mask user)
    (39 F.Mask user)
    (40 Dwgs.User user)
    (41 Cmts.User user)
    (42 Eco1.User user)
    (43 Eco2.User user)
    (44 Edge.Cuts user)
    (45 Margin user)
    (46 B.CrtYd user)
    (47 F.CrtYd user)
    (48 B.Fab user)
    (49 F.Fab user)
  )

  (setup
    (last_trace_width 0.25)
    (trace_clearance 0.2)
    (zone_clearance 0.508)
    (zone_45_only no)
    (trace_min 0.2)
    (via_size 0.8)
    (via_drill 0.4)
    (via_min_size 0.4)
    (via_min_drill 0.3)
    (uvia_size 0.3)
    (uvia_drill 0.1)
    (uvias_allowed no)
    (uvia_min_size 0.2)
    (uvia_min_drill 0.1)
    (edge_width 0.05)
    (segment_width 0.2)
    (pcb_text_width 0.3)
    (pcb_text_size 1.5 1.5)
    (mod_edge_width 0.12)
    (mod_text_size 1 1)
    (mod_text_width 0.15)
    (pad_size 1.524 1.524)
    (pad_drill 0.762)
    (pad_to_mask_clearance 0.051)
    (solder_mask_min_width 0.25)
    (aux_axis_origin 0 0)
    (visible_elements FFFFFF7F)
    (pcbplotparams
      (layerselection 0x010fc_ffffffff)
      (usegerberextensions false)
      (usegerberattributes false)
      (usegerberadvancedattributes false)
      (creategerberjobfile false)
      (excludeedgelayer true)
      (linewidth 0.100000)
      (plotframeref false)
      (viasonmask false)
      (mode 1)
      (useauxorigin false)
      (hpglpennumber 1)
      (hpglpenspeed 20)
      (hpglpendiameter 15.000000)
      (psnegative false)
      (psa4output false)
      (plotreference true)
      (plotvalue true)
      (plotinvisibletext false)
      (padsonsilk false)
      (subtractmaskfromsilk false)
      (outputformat 1)
      (mirror false)
      (drillshape 1)
      (scaleselection 1)
      (outputdirectory ""))
  )

  (net 0 "")
  (net 1 +3V3)
  (net 2 GND)
  (net 3 GNDA)
  (net 4 +5V)
  (net 5 "Net-(C3-Pad1)")
  (net 6 VCC_IN)
  (net 7 VCC)
  (net 8 "Net-(C6-Pad1)")
  (net 9 "Net-(D1-Pad1)")
  (net 10 "Net-(D2-Pad1)")
  (net 11 GNDA_IN)
  (net 12 "Net-(J2-Pad2)")
  (net 13 "Net-(J2-Pad3)")
  (net 14 MOTOR1)
  (net 15 MOTOR2)
  (net 16 DIR2)
  (net 17 DIR1)
  (net 18 PWM)
  (net 19 ENCA)
  (net 20 ENCB)
  (net 21 FAULT)
  (net 22 FB)
  (net 23 "Net-(MC338887-Pad2)")
  (net 24 DIR1_D)
  (net 25 "Net-(MC338887-Pad8)")
  (net 26 PWM_D)
  (net 27 DIR2_D)
  (net 28 "Net-(MC338887-Pad20)")

  (net_class Default "This is the default net class."
    (clearance 0.2)
    (trace_width 0.25)
    (via_dia 0.8)
    (via_drill 0.4)
    (uvia_dia 0.3)
    (uvia_drill 0.1)
    (add_net +3V3)
    (add_net +5V)
    (add_net DIR1)
    (add_net DIR1_D)
    (add_net DIR2)
    (add_net DIR2_D)
    (add_net ENCA)
    (add_net ENCB)
    (add_net FAULT)
    (add_net FB)
    (add_net GND)
    (add_net GNDA)
    (add_net GNDA_IN)
    (add_net MOTOR1)
    (add_net MOTOR2)
    (add_net "Net-(C3-Pad1)")
    (add_net "Net-(C6-Pad1)")
    (add_net "Net-(D1-Pad1)")
    (add_net "Net-(D2-Pad1)")
    (add_net "Net-(J2-Pad2)")
    (add_net "Net-(J2-Pad3)")
    (add_net "Net-(MC338887-Pad2)")
    (add_net "Net-(MC338887-Pad20)")
    (add_net "Net-(MC338887-Pad8)")
    (add_net PWM)
    (add_net PWM_D)
    (add_net VCC)
    (add_net VCC_IN)
  )

  (module Capacitor_SMD:C_0603_1608Metric (layer F.Cu) (tedit 5B301BBE) (tstamp 5E7E1799)
    (at 150.265001 85.815001)
    (descr "Capacitor SMD 0603 (1608 Metric), square (rectangular) end terminal, IPC_7351 nominal, (Body size source: http://www.tortai-tech.com/upload/download/2011102023233369053.pdf), generated with kicad-footprint-generator")
    (tags capacitor)
    (path /3E9ECBAC)
    (attr smd)
    (fp_text reference C1 (at 0 -1.43) (layer F.SilkS)
      (effects (font (size 1 1) (thickness 0.15)))
    )
    (fp_text value 100nF (at 0 1.43) (layer F.Fab)
      (effects (font (size 1 1) (thickness 0.15)))
    )
    (fp_line (start -0.8 0.4) (end -0.8 -0.4) (layer F.Fab) (width 0.1))
    (fp_line (start -0.8 -0.4) (end 0.8 -0.4) (layer F.Fab) (width 0.1))
    (fp_line (start 0.8 -0.4) (end 0.8 0.4) (layer F.Fab) (width 0.1))
    (fp_line (start 0.8 0.4) (end -0.8 0.4) (layer F.Fab) (width 0.1))
    (fp_line (start -0.162779 -0.51) (end 0.162779 -0.51) (layer F.SilkS) (width 0.12))
    (fp_line (start -0.162779 0.51) (end 0.162779 0.51) (layer F.SilkS) (width 0.12))
    (fp_line (start -1.48 0.73) (end -1.48 -0.73) (layer F.CrtYd) (width 0.05))
    (fp_line (start -1.48 -0.73) (end 1.48 -0.73) (layer F.CrtYd) (width 0.05))
    (fp_line (start 1.48 -0.73) (end 1.48 0.73) (layer F.CrtYd) (width 0.05))
    (fp_line (start 1.48 0.73) (end -1.48 0.73) (layer F.CrtYd) (width 0.05))
    (fp_text user %R (at 0 0) (layer F.Fab)
      (effects (font (size 0.4 0.4) (thickness 0.06)))
    )
    (pad 1 smd roundrect (at -0.7875 0) (size 0.875 0.95) (layers F.Cu F.Paste F.Mask) (roundrect_rratio 0.25)
      (net 1 +3V3))
    (pad 2 smd roundrect (at 0.7875 0) (size 0.875 0.95) (layers F.Cu F.Paste F.Mask) (roundrect_rratio 0.25)
      (net 2 GND))
    (model ${KISYS3DMOD}/Capacitor_SMD.3dshapes/C_0603_1608Metric.wrl
      (at (xyz 0 0 0))
      (scale (xyz 1 1 1))
      (rotate (xyz 0 0 0))
    )
  )

  (module Capacitor_SMD:C_0603_1608Metric (layer F.Cu) (tedit 5B301BBE) (tstamp 5E7E17AA)
    (at 186.335001 55.365001)
    (descr "Capacitor SMD 0603 (1608 Metric), square (rectangular) end terminal, IPC_7351 nominal, (Body size source: http://www.tortai-tech.com/upload/download/2011102023233369053.pdf), generated with kicad-footprint-generator")
    (tags capacitor)
    (path /761BF58F)
    (attr smd)
    (fp_text reference C2 (at 0 -1.43) (layer F.SilkS)
      (effects (font (size 1 1) (thickness 0.15)))
    )
    (fp_text value 100nF (at 0 1.43) (layer F.Fab)
      (effects (font (size 1 1) (thickness 0.15)))
    )
    (fp_text user %R (at 0 0) (layer F.Fab)
      (effects (font (size 0.4 0.4) (thickness 0.06)))
    )
    (fp_line (start 1.48 0.73) (end -1.48 0.73) (layer F.CrtYd) (width 0.05))
    (fp_line (start 1.48 -0.73) (end 1.48 0.73) (layer F.CrtYd) (width 0.05))
    (fp_line (start -1.48 -0.73) (end 1.48 -0.73) (layer F.CrtYd) (width 0.05))
    (fp_line (start -1.48 0.73) (end -1.48 -0.73) (layer F.CrtYd) (width 0.05))
    (fp_line (start -0.162779 0.51) (end 0.162779 0.51) (layer F.SilkS) (width 0.12))
    (fp_line (start -0.162779 -0.51) (end 0.162779 -0.51) (layer F.SilkS) (width 0.12))
    (fp_line (start 0.8 0.4) (end -0.8 0.4) (layer F.Fab) (width 0.1))
    (fp_line (start 0.8 -0.4) (end 0.8 0.4) (layer F.Fab) (width 0.1))
    (fp_line (start -0.8 -0.4) (end 0.8 -0.4) (layer F.Fab) (width 0.1))
    (fp_line (start -0.8 0.4) (end -0.8 -0.4) (layer F.Fab) (width 0.1))
    (pad 2 smd roundrect (at 0.7875 0) (size 0.875 0.95) (layers F.Cu F.Paste F.Mask) (roundrect_rratio 0.25)
      (net 3 GNDA))
    (pad 1 smd roundrect (at -0.7875 0) (size 0.875 0.95) (layers F.Cu F.Paste F.Mask) (roundrect_rratio 0.25)
      (net 4 +5V))
    (model ${KISYS3DMOD}/Capacitor_SMD.3dshapes/C_0603_1608Metric.wrl
      (at (xyz 0 0 0))
      (scale (xyz 1 1 1))
      (rotate (xyz 0 0 0))
    )
  )

  (module Capacitor_SMD:C_0603_1608Metric (layer F.Cu) (tedit 5B301BBE) (tstamp 5E7E17BB)
    (at 155.815001 68.185001)
    (descr "Capacitor SMD 0603 (1608 Metric), square (rectangular) end terminal, IPC_7351 nominal, (Body size source: http://www.tortai-tech.com/upload/download/2011102023233369053.pdf), generated with kicad-footprint-generator")
    (tags capacitor)
    (path /186754B1)
    (attr smd)
    (fp_text reference C3 (at 0 -1.43) (layer F.SilkS)
      (effects (font (size 1 1) (thickness 0.15)))
    )
    (fp_text value 33nF (at 0 1.43) (layer F.Fab)
      (effects (font (size 1 1) (thickness 0.15)))
    )
    (fp_text user %R (at 0 0) (layer F.Fab)
      (effects (font (size 0.4 0.4) (thickness 0.06)))
    )
    (fp_line (start 1.48 0.73) (end -1.48 0.73) (layer F.CrtYd) (width 0.05))
    (fp_line (start 1.48 -0.73) (end 1.48 0.73) (layer F.CrtYd) (width 0.05))
    (fp_line (start -1.48 -0.73) (end 1.48 -0.73) (layer F.CrtYd) (width 0.05))
    (fp_line (start -1.48 0.73) (end -1.48 -0.73) (layer F.CrtYd) (width 0.05))
    (fp_line (start -0.162779 0.51) (end 0.162779 0.51) (layer F.SilkS) (width 0.12))
    (fp_line (start -0.162779 -0.51) (end 0.162779 -0.51) (layer F.SilkS) (width 0.12))
    (fp_line (start 0.8 0.4) (end -0.8 0.4) (layer F.Fab) (width 0.1))
    (fp_line (start 0.8 -0.4) (end 0.8 0.4) (layer F.Fab) (width 0.1))
    (fp_line (start -0.8 -0.4) (end 0.8 -0.4) (layer F.Fab) (width 0.1))
    (fp_line (start -0.8 0.4) (end -0.8 -0.4) (layer F.Fab) (width 0.1))
    (pad 2 smd roundrect (at 0.7875 0) (size 0.875 0.95) (layers F.Cu F.Paste F.Mask) (roundrect_rratio 0.25)
      (net 3 GNDA))
    (pad 1 smd roundrect (at -0.7875 0) (size 0.875 0.95) (layers F.Cu F.Paste F.Mask) (roundrect_rratio 0.25)
      (net 5 "Net-(C3-Pad1)"))
    (model ${KISYS3DMOD}/Capacitor_SMD.3dshapes/C_0603_1608Metric.wrl
      (at (xyz 0 0 0))
      (scale (xyz 1 1 1))
      (rotate (xyz 0 0 0))
    )
  )

  (module Capacitor_THT:CP_Radial_D8.0mm_P3.50mm (layer F.Cu) (tedit 5AE50EF0) (tstamp 5E7E1864)
    (at 175.919699 81.985001)
    (descr "CP, Radial series, Radial, pin pitch=3.50mm, , diameter=8mm, Electrolytic Capacitor")
    (tags "CP Radial series Radial pin pitch 3.50mm  diameter 8mm Electrolytic Capacitor")
    (path /E52440EF)
    (fp_text reference C4 (at 1.75 -5.25) (layer F.SilkS)
      (effects (font (size 1 1) (thickness 0.15)))
    )
    (fp_text value 220uF (at 1.75 5.25) (layer F.Fab)
      (effects (font (size 1 1) (thickness 0.15)))
    )
    (fp_text user %R (at 1.75 0) (layer F.Fab)
      (effects (font (size 1 1) (thickness 0.15)))
    )
    (fp_line (start -2.259698 -2.715) (end -2.259698 -1.915) (layer F.SilkS) (width 0.12))
    (fp_line (start -2.659698 -2.315) (end -1.859698 -2.315) (layer F.SilkS) (width 0.12))
    (fp_line (start 5.831 -0.533) (end 5.831 0.533) (layer F.SilkS) (width 0.12))
    (fp_line (start 5.791 -0.768) (end 5.791 0.768) (layer F.SilkS) (width 0.12))
    (fp_line (start 5.751 -0.948) (end 5.751 0.948) (layer F.SilkS) (width 0.12))
    (fp_line (start 5.711 -1.098) (end 5.711 1.098) (layer F.SilkS) (width 0.12))
    (fp_line (start 5.671 -1.229) (end 5.671 1.229) (layer F.SilkS) (width 0.12))
    (fp_line (start 5.631 -1.346) (end 5.631 1.346) (layer F.SilkS) (width 0.12))
    (fp_line (start 5.591 -1.453) (end 5.591 1.453) (layer F.SilkS) (width 0.12))
    (fp_line (start 5.551 -1.552) (end 5.551 1.552) (layer F.SilkS) (width 0.12))
    (fp_line (start 5.511 -1.645) (end 5.511 1.645) (layer F.SilkS) (width 0.12))
    (fp_line (start 5.471 -1.731) (end 5.471 1.731) (layer F.SilkS) (width 0.12))
    (fp_line (start 5.431 -1.813) (end 5.431 1.813) (layer F.SilkS) (width 0.12))
    (fp_line (start 5.391 -1.89) (end 5.391 1.89) (layer F.SilkS) (width 0.12))
    (fp_line (start 5.351 -1.964) (end 5.351 1.964) (layer F.SilkS) (width 0.12))
    (fp_line (start 5.311 -2.034) (end 5.311 2.034) (layer F.SilkS) (width 0.12))
    (fp_line (start 5.271 -2.102) (end 5.271 2.102) (layer F.SilkS) (width 0.12))
    (fp_line (start 5.231 -2.166) (end 5.231 2.166) (layer F.SilkS) (width 0.12))
    (fp_line (start 5.191 -2.228) (end 5.191 2.228) (layer F.SilkS) (width 0.12))
    (fp_line (start 5.151 -2.287) (end 5.151 2.287) (layer F.SilkS) (width 0.12))
    (fp_line (start 5.111 -2.345) (end 5.111 2.345) (layer F.SilkS) (width 0.12))
    (fp_line (start 5.071 -2.4) (end 5.071 2.4) (layer F.SilkS) (width 0.12))
    (fp_line (start 5.031 -2.454) (end 5.031 2.454) (layer F.SilkS) (width 0.12))
    (fp_line (start 4.991 -2.505) (end 4.991 2.505) (layer F.SilkS) (width 0.12))
    (fp_line (start 4.951 -2.556) (end 4.951 2.556) (layer F.SilkS) (width 0.12))
    (fp_line (start 4.911 -2.604) (end 4.911 2.604) (layer F.SilkS) (width 0.12))
    (fp_line (start 4.871 -2.651) (end 4.871 2.651) (layer F.SilkS) (width 0.12))
    (fp_line (start 4.831 -2.697) (end 4.831 2.697) (layer F.SilkS) (width 0.12))
    (fp_line (start 4.791 -2.741) (end 4.791 2.741) (layer F.SilkS) (width 0.12))
    (fp_line (start 4.751 -2.784) (end 4.751 2.784) (layer F.SilkS) (width 0.12))
    (fp_line (start 4.711 -2.826) (end 4.711 2.826) (layer F.SilkS) (width 0.12))
    (fp_line (start 4.671 -2.867) (end 4.671 2.867) (layer F.SilkS) (width 0.12))
    (fp_line (start 4.631 -2.907) (end 4.631 2.907) (layer F.SilkS) (width 0.12))
    (fp_line (start 4.591 -2.945) (end 4.591 2.945) (layer F.SilkS) (width 0.12))
    (fp_line (start 4.551 -2.983) (end 4.551 2.983) (layer F.SilkS) (width 0.12))
    (fp_line (start 4.511 1.04) (end 4.511 3.019) (layer F.SilkS) (width 0.12))
    (fp_line (start 4.511 -3.019) (end 4.511 -1.04) (layer F.SilkS) (width 0.12))
    (fp_line (start 4.471 1.04) (end 4.471 3.055) (layer F.SilkS) (width 0.12))
    (fp_line (start 4.471 -3.055) (end 4.471 -1.04) (layer F.SilkS) (width 0.12))
    (fp_line (start 4.431 1.04) (end 4.431 3.09) (layer F.SilkS) (width 0.12))
    (fp_line (start 4.431 -3.09) (end 4.431 -1.04) (layer F.SilkS) (width 0.12))
    (fp_line (start 4.391 1.04) (end 4.391 3.124) (layer F.SilkS) (width 0.12))
    (fp_line (start 4.391 -3.124) (end 4.391 -1.04) (layer F.SilkS) (width 0.12))
    (fp_line (start 4.351 1.04) (end 4.351 3.156) (layer F.SilkS) (width 0.12))
    (fp_line (start 4.351 -3.156) (end 4.351 -1.04) (layer F.SilkS) (width 0.12))
    (fp_line (start 4.311 1.04) (end 4.311 3.189) (layer F.SilkS) (width 0.12))
    (fp_line (start 4.311 -3.189) (end 4.311 -1.04) (layer F.SilkS) (width 0.12))
    (fp_line (start 4.271 1.04) (end 4.271 3.22) (layer F.SilkS) (width 0.12))
    (fp_line (start 4.271 -3.22) (end 4.271 -1.04) (layer F.SilkS) (width 0.12))
    (fp_line (start 4.231 1.04) (end 4.231 3.25) (layer F.SilkS) (width 0.12))
    (fp_line (start 4.231 -3.25) (end 4.231 -1.04) (layer F.SilkS) (width 0.12))
    (fp_line (start 4.191 1.04) (end 4.191 3.28) (layer F.SilkS) (width 0.12))
    (fp_line (start 4.191 -3.28) (end 4.191 -1.04) (layer F.SilkS) (width 0.12))
    (fp_line (start 4.151 1.04) (end 4.151 3.309) (layer F.SilkS) (width 0.12))
    (fp_line (start 4.151 -3.309) (end 4.151 -1.04) (layer F.SilkS) (width 0.12))
    (fp_line (start 4.111 1.04) (end 4.111 3.338) (layer F.SilkS) (width 0.12))
    (fp_line (start 4.111 -3.338) (end 4.111 -1.04) (layer F.SilkS) (width 0.12))
    (fp_line (start 4.071 1.04) (end 4.071 3.365) (layer F.SilkS) (width 0.12))
    (fp_line (start 4.071 -3.365) (end 4.071 -1.04) (layer F.SilkS) (width 0.12))
    (fp_line (start 4.031 1.04) (end 4.031 3.392) (layer F.SilkS) (width 0.12))
    (fp_line (start 4.031 -3.392) (end 4.031 -1.04) (layer F.SilkS) (width 0.12))
    (fp_line (start 3.991 1.04) (end 3.991 3.418) (layer F.SilkS) (width 0.12))
    (fp_line (start 3.991 -3.418) (end 3.991 -1.04) (layer F.SilkS) (width 0.12))
    (fp_line (start 3.951 1.04) (end 3.951 3.444) (layer F.SilkS) (width 0.12))
    (fp_line (start 3.951 -3.444) (end 3.951 -1.04) (layer F.SilkS) (width 0.12))
    (fp_line (start 3.911 1.04) (end 3.911 3.469) (layer F.SilkS) (width 0.12))
    (fp_line (start 3.911 -3.469) (end 3.911 -1.04) (layer F.SilkS) (width 0.12))
    (fp_line (start 3.871 1.04) (end 3.871 3.493) (layer F.SilkS) (width 0.12))
    (fp_line (start 3.871 -3.493) (end 3.871 -1.04) (layer F.SilkS) (width 0.12))
    (fp_line (start 3.831 1.04) (end 3.831 3.517) (layer F.SilkS) (width 0.12))
    (fp_line (start 3.831 -3.517) (end 3.831 -1.04) (layer F.SilkS) (width 0.12))
    (fp_line (start 3.791 1.04) (end 3.791 3.54) (layer F.SilkS) (width 0.12))
    (fp_line (start 3.791 -3.54) (end 3.791 -1.04) (layer F.SilkS) (width 0.12))
    (fp_line (start 3.751 1.04) (end 3.751 3.562) (layer F.SilkS) (width 0.12))
    (fp_line (start 3.751 -3.562) (end 3.751 -1.04) (layer F.SilkS) (width 0.12))
    (fp_line (start 3.711 1.04) (end 3.711 3.584) (layer F.SilkS) (width 0.12))
    (fp_line (start 3.711 -3.584) (end 3.711 -1.04) (layer F.SilkS) (width 0.12))
    (fp_line (start 3.671 1.04) (end 3.671 3.606) (layer F.SilkS) (width 0.12))
    (fp_line (start 3.671 -3.606) (end 3.671 -1.04) (layer F.SilkS) (width 0.12))
    (fp_line (start 3.631 1.04) (end 3.631 3.627) (layer F.SilkS) (width 0.12))
    (fp_line (start 3.631 -3.627) (end 3.631 -1.04) (layer F.SilkS) (width 0.12))
    (fp_line (start 3.591 1.04) (end 3.591 3.647) (layer F.SilkS) (width 0.12))
    (fp_line (start 3.591 -3.647) (end 3.591 -1.04) (layer F.SilkS) (width 0.12))
    (fp_line (start 3.551 1.04) (end 3.551 3.666) (layer F.SilkS) (width 0.12))
    (fp_line (start 3.551 -3.666) (end 3.551 -1.04) (layer F.SilkS) (width 0.12))
    (fp_line (start 3.511 1.04) (end 3.511 3.686) (layer F.SilkS) (width 0.12))
    (fp_line (start 3.511 -3.686) (end 3.511 -1.04) (layer F.SilkS) (width 0.12))
    (fp_line (start 3.471 1.04) (end 3.471 3.704) (layer F.SilkS) (width 0.12))
    (fp_line (start 3.471 -3.704) (end 3.471 -1.04) (layer F.SilkS) (width 0.12))
    (fp_line (start 3.431 1.04) (end 3.431 3.722) (layer F.SilkS) (width 0.12))
    (fp_line (start 3.431 -3.722) (end 3.431 -1.04) (layer F.SilkS) (width 0.12))
    (fp_line (start 3.391 1.04) (end 3.391 3.74) (layer F.SilkS) (width 0.12))
    (fp_line (start 3.391 -3.74) (end 3.391 -1.04) (layer F.SilkS) (width 0.12))
    (fp_line (start 3.351 1.04) (end 3.351 3.757) (layer F.SilkS) (width 0.12))
    (fp_line (start 3.351 -3.757) (end 3.351 -1.04) (layer F.SilkS) (width 0.12))
    (fp_line (start 3.311 1.04) (end 3.311 3.774) (layer F.SilkS) (width 0.12))
    (fp_line (start 3.311 -3.774) (end 3.311 -1.04) (layer F.SilkS) (width 0.12))
    (fp_line (start 3.271 1.04) (end 3.271 3.79) (layer F.SilkS) (width 0.12))
    (fp_line (start 3.271 -3.79) (end 3.271 -1.04) (layer F.SilkS) (width 0.12))
    (fp_line (start 3.231 1.04) (end 3.231 3.805) (layer F.SilkS) (width 0.12))
    (fp_line (start 3.231 -3.805) (end 3.231 -1.04) (layer F.SilkS) (width 0.12))
    (fp_line (start 3.191 1.04) (end 3.191 3.821) (layer F.SilkS) (width 0.12))
    (fp_line (start 3.191 -3.821) (end 3.191 -1.04) (layer F.SilkS) (width 0.12))
    (fp_line (start 3.151 1.04) (end 3.151 3.835) (layer F.SilkS) (width 0.12))
    (fp_line (start 3.151 -3.835) (end 3.151 -1.04) (layer F.SilkS) (width 0.12))
    (fp_line (start 3.111 1.04) (end 3.111 3.85) (layer F.SilkS) (width 0.12))
    (fp_line (start 3.111 -3.85) (end 3.111 -1.04) (layer F.SilkS) (width 0.12))
    (fp_line (start 3.071 1.04) (end 3.071 3.863) (layer F.SilkS) (width 0.12))
    (fp_line (start 3.071 -3.863) (end 3.071 -1.04) (layer F.SilkS) (width 0.12))
    (fp_line (start 3.031 1.04) (end 3.031 3.877) (layer F.SilkS) (width 0.12))
    (fp_line (start 3.031 -3.877) (end 3.031 -1.04) (layer F.SilkS) (width 0.12))
    (fp_line (start 2.991 1.04) (end 2.991 3.889) (layer F.SilkS) (width 0.12))
    (fp_line (start 2.991 -3.889) (end 2.991 -1.04) (layer F.SilkS) (width 0.12))
    (fp_line (start 2.951 1.04) (end 2.951 3.902) (layer F.SilkS) (width 0.12))
    (fp_line (start 2.951 -3.902) (end 2.951 -1.04) (layer F.SilkS) (width 0.12))
    (fp_line (start 2.911 1.04) (end 2.911 3.914) (layer F.SilkS) (width 0.12))
    (fp_line (start 2.911 -3.914) (end 2.911 -1.04) (layer F.SilkS) (width 0.12))
    (fp_line (start 2.871 1.04) (end 2.871 3.925) (layer F.SilkS) (width 0.12))
    (fp_line (start 2.871 -3.925) (end 2.871 -1.04) (layer F.SilkS) (width 0.12))
    (fp_line (start 2.831 1.04) (end 2.831 3.936) (layer F.SilkS) (width 0.12))
    (fp_line (start 2.831 -3.936) (end 2.831 -1.04) (layer F.SilkS) (width 0.12))
    (fp_line (start 2.791 1.04) (end 2.791 3.947) (layer F.SilkS) (width 0.12))
    (fp_line (start 2.791 -3.947) (end 2.791 -1.04) (layer F.SilkS) (width 0.12))
    (fp_line (start 2.751 1.04) (end 2.751 3.957) (layer F.SilkS) (width 0.12))
    (fp_line (start 2.751 -3.957) (end 2.751 -1.04) (layer F.SilkS) (width 0.12))
    (fp_line (start 2.711 1.04) (end 2.711 3.967) (layer F.SilkS) (width 0.12))
    (fp_line (start 2.711 -3.967) (end 2.711 -1.04) (layer F.SilkS) (width 0.12))
    (fp_line (start 2.671 1.04) (end 2.671 3.976) (layer F.SilkS) (width 0.12))
    (fp_line (start 2.671 -3.976) (end 2.671 -1.04) (layer F.SilkS) (width 0.12))
    (fp_line (start 2.631 1.04) (end 2.631 3.985) (layer F.SilkS) (width 0.12))
    (fp_line (start 2.631 -3.985) (end 2.631 -1.04) (layer F.SilkS) (width 0.12))
    (fp_line (start 2.591 1.04) (end 2.591 3.994) (layer F.SilkS) (width 0.12))
    (fp_line (start 2.591 -3.994) (end 2.591 -1.04) (layer F.SilkS) (width 0.12))
    (fp_line (start 2.551 1.04) (end 2.551 4.002) (layer F.SilkS) (width 0.12))
    (fp_line (start 2.551 -4.002) (end 2.551 -1.04) (layer F.SilkS) (width 0.12))
    (fp_line (start 2.511 1.04) (end 2.511 4.01) (layer F.SilkS) (width 0.12))
    (fp_line (start 2.511 -4.01) (end 2.511 -1.04) (layer F.SilkS) (width 0.12))
    (fp_line (start 2.471 1.04) (end 2.471 4.017) (layer F.SilkS) (width 0.12))
    (fp_line (start 2.471 -4.017) (end 2.471 -1.04) (layer F.SilkS) (width 0.12))
    (fp_line (start 2.43 -4.024) (end 2.43 4.024) (layer F.SilkS) (width 0.12))
    (fp_line (start 2.39 -4.03) (end 2.39 4.03) (layer F.SilkS) (width 0.12))
    (fp_line (start 2.35 -4.037) (end 2.35 4.037) (layer F.SilkS) (width 0.12))
    (fp_line (start 2.31 -4.042) (end 2.31 4.042) (layer F.SilkS) (width 0.12))
    (fp_line (start 2.27 -4.048) (end 2.27 4.048) (layer F.SilkS) (width 0.12))
    (fp_line (start 2.23 -4.052) (end 2.23 4.052) (layer F.SilkS) (width 0.12))
    (fp_line (start 2.19 -4.057) (end 2.19 4.057) (layer F.SilkS) (width 0.12))
    (fp_line (start 2.15 -4.061) (end 2.15 4.061) (layer F.SilkS) (width 0.12))
    (fp_line (start 2.11 -4.065) (end 2.11 4.065) (layer F.SilkS) (width 0.12))
    (fp_line (start 2.07 -4.068) (end 2.07 4.068) (layer F.SilkS) (width 0.12))
    (fp_line (start 2.03 -4.071) (end 2.03 4.071) (layer F.SilkS) (width 0.12))
    (fp_line (start 1.99 -4.074) (end 1.99 4.074) (layer F.SilkS) (width 0.12))
    (fp_line (start 1.95 -4.076) (end 1.95 4.076) (layer F.SilkS) (width 0.12))
    (fp_line (start 1.91 -4.077) (end 1.91 4.077) (layer F.SilkS) (width 0.12))
    (fp_line (start 1.87 -4.079) (end 1.87 4.079) (layer F.SilkS) (width 0.12))
    (fp_line (start 1.83 -4.08) (end 1.83 4.08) (layer F.SilkS) (width 0.12))
    (fp_line (start 1.79 -4.08) (end 1.79 4.08) (layer F.SilkS) (width 0.12))
    (fp_line (start 1.75 -4.08) (end 1.75 4.08) (layer F.SilkS) (width 0.12))
    (fp_line (start -1.276759 -2.1475) (end -1.276759 -1.3475) (layer F.Fab) (width 0.1))
    (fp_line (start -1.676759 -1.7475) (end -0.876759 -1.7475) (layer F.Fab) (width 0.1))
    (fp_circle (center 1.75 0) (end 6 0) (layer F.CrtYd) (width 0.05))
    (fp_circle (center 1.75 0) (end 5.87 0) (layer F.SilkS) (width 0.12))
    (fp_circle (center 1.75 0) (end 5.75 0) (layer F.Fab) (width 0.1))
    (pad 2 thru_hole circle (at 3.5 0) (size 1.6 1.6) (drill 0.8) (layers *.Cu *.Mask)
      (net 3 GNDA))
    (pad 1 thru_hole rect (at 0 0) (size 1.6 1.6) (drill 0.8) (layers *.Cu *.Mask)
      (net 6 VCC_IN))
    (model ${KISYS3DMOD}/Capacitor_THT.3dshapes/CP_Radial_D8.0mm_P3.50mm.wrl
      (at (xyz 0 0 0))
      (scale (xyz 1 1 1))
      (rotate (xyz 0 0 0))
    )
  )

  (module Capacitor_SMD:C_1206_3216Metric (layer F.Cu) (tedit 5B301BBE) (tstamp 5E7E1875)
    (at 141.405001 79.775001)
    (descr "Capacitor SMD 1206 (3216 Metric), square (rectangular) end terminal, IPC_7351 nominal, (Body size source: http://www.tortai-tech.com/upload/download/2011102023233369053.pdf), generated with kicad-footprint-generator")
    (tags capacitor)
    (path /09CD1EDC)
    (attr smd)
    (fp_text reference C5 (at 0 -1.82) (layer F.SilkS)
      (effects (font (size 1 1) (thickness 0.15)))
    )
    (fp_text value 10uF (at 0 1.82) (layer F.Fab)
      (effects (font (size 1 1) (thickness 0.15)))
    )
    (fp_line (start -1.6 0.8) (end -1.6 -0.8) (layer F.Fab) (width 0.1))
    (fp_line (start -1.6 -0.8) (end 1.6 -0.8) (layer F.Fab) (width 0.1))
    (fp_line (start 1.6 -0.8) (end 1.6 0.8) (layer F.Fab) (width 0.1))
    (fp_line (start 1.6 0.8) (end -1.6 0.8) (layer F.Fab) (width 0.1))
    (fp_line (start -0.602064 -0.91) (end 0.602064 -0.91) (layer F.SilkS) (width 0.12))
    (fp_line (start -0.602064 0.91) (end 0.602064 0.91) (layer F.SilkS) (width 0.12))
    (fp_line (start -2.28 1.12) (end -2.28 -1.12) (layer F.CrtYd) (width 0.05))
    (fp_line (start -2.28 -1.12) (end 2.28 -1.12) (layer F.CrtYd) (width 0.05))
    (fp_line (start 2.28 -1.12) (end 2.28 1.12) (layer F.CrtYd) (width 0.05))
    (fp_line (start 2.28 1.12) (end -2.28 1.12) (layer F.CrtYd) (width 0.05))
    (fp_text user %R (at 0 0) (layer F.Fab)
      (effects (font (size 0.8 0.8) (thickness 0.12)))
    )
    (pad 1 smd roundrect (at -1.4 0) (size 1.25 1.75) (layers F.Cu F.Paste F.Mask) (roundrect_rratio 0.2)
      (net 7 VCC))
    (pad 2 smd roundrect (at 1.4 0) (size 1.25 1.75) (layers F.Cu F.Paste F.Mask) (roundrect_rratio 0.2)
      (net 3 GNDA))
    (model ${KISYS3DMOD}/Capacitor_SMD.3dshapes/C_1206_3216Metric.wrl
      (at (xyz 0 0 0))
      (scale (xyz 1 1 1))
      (rotate (xyz 0 0 0))
    )
  )

  (module Capacitor_SMD:C_0603_1608Metric (layer F.Cu) (tedit 5B301BBE) (tstamp 5E7E1886)
    (at 151.805001 68.185001)
    (descr "Capacitor SMD 0603 (1608 Metric), square (rectangular) end terminal, IPC_7351 nominal, (Body size source: http://www.tortai-tech.com/upload/download/2011102023233369053.pdf), generated with kicad-footprint-generator")
    (tags capacitor)
    (path /E176B0C6)
    (attr smd)
    (fp_text reference C6 (at 0 -1.43) (layer F.SilkS)
      (effects (font (size 1 1) (thickness 0.15)))
    )
    (fp_text value 100nF (at 0 1.43) (layer F.Fab)
      (effects (font (size 1 1) (thickness 0.15)))
    )
    (fp_line (start -0.8 0.4) (end -0.8 -0.4) (layer F.Fab) (width 0.1))
    (fp_line (start -0.8 -0.4) (end 0.8 -0.4) (layer F.Fab) (width 0.1))
    (fp_line (start 0.8 -0.4) (end 0.8 0.4) (layer F.Fab) (width 0.1))
    (fp_line (start 0.8 0.4) (end -0.8 0.4) (layer F.Fab) (width 0.1))
    (fp_line (start -0.162779 -0.51) (end 0.162779 -0.51) (layer F.SilkS) (width 0.12))
    (fp_line (start -0.162779 0.51) (end 0.162779 0.51) (layer F.SilkS) (width 0.12))
    (fp_line (start -1.48 0.73) (end -1.48 -0.73) (layer F.CrtYd) (width 0.05))
    (fp_line (start -1.48 -0.73) (end 1.48 -0.73) (layer F.CrtYd) (width 0.05))
    (fp_line (start 1.48 -0.73) (end 1.48 0.73) (layer F.CrtYd) (width 0.05))
    (fp_line (start 1.48 0.73) (end -1.48 0.73) (layer F.CrtYd) (width 0.05))
    (fp_text user %R (at 0 0) (layer F.Fab)
      (effects (font (size 0.4 0.4) (thickness 0.06)))
    )
    (pad 1 smd roundrect (at -0.7875 0) (size 0.875 0.95) (layers F.Cu F.Paste F.Mask) (roundrect_rratio 0.25)
      (net 8 "Net-(C6-Pad1)"))
    (pad 2 smd roundrect (at 0.7875 0) (size 0.875 0.95) (layers F.Cu F.Paste F.Mask) (roundrect_rratio 0.25)
      (net 3 GNDA))
    (model ${KISYS3DMOD}/Capacitor_SMD.3dshapes/C_0603_1608Metric.wrl
      (at (xyz 0 0 0))
      (scale (xyz 1 1 1))
      (rotate (xyz 0 0 0))
    )
  )

  (module Capacitor_SMD:C_1206_3216Metric (layer F.Cu) (tedit 5B301BBE) (tstamp 5E7E1897)
    (at 135.655001 83.125001)
    (descr "Capacitor SMD 1206 (3216 Metric), square (rectangular) end terminal, IPC_7351 nominal, (Body size source: http://www.tortai-tech.com/upload/download/2011102023233369053.pdf), generated with kicad-footprint-generator")
    (tags capacitor)
    (path /493D4CA5)
    (attr smd)
    (fp_text reference C7 (at 0 -1.82) (layer F.SilkS)
      (effects (font (size 1 1) (thickness 0.15)))
    )
    (fp_text value 10uF (at 0 1.82) (layer F.Fab)
      (effects (font (size 1 1) (thickness 0.15)))
    )
    (fp_text user %R (at 0 0) (layer F.Fab)
      (effects (font (size 0.8 0.8) (thickness 0.12)))
    )
    (fp_line (start 2.28 1.12) (end -2.28 1.12) (layer F.CrtYd) (width 0.05))
    (fp_line (start 2.28 -1.12) (end 2.28 1.12) (layer F.CrtYd) (width 0.05))
    (fp_line (start -2.28 -1.12) (end 2.28 -1.12) (layer F.CrtYd) (width 0.05))
    (fp_line (start -2.28 1.12) (end -2.28 -1.12) (layer F.CrtYd) (width 0.05))
    (fp_line (start -0.602064 0.91) (end 0.602064 0.91) (layer F.SilkS) (width 0.12))
    (fp_line (start -0.602064 -0.91) (end 0.602064 -0.91) (layer F.SilkS) (width 0.12))
    (fp_line (start 1.6 0.8) (end -1.6 0.8) (layer F.Fab) (width 0.1))
    (fp_line (start 1.6 -0.8) (end 1.6 0.8) (layer F.Fab) (width 0.1))
    (fp_line (start -1.6 -0.8) (end 1.6 -0.8) (layer F.Fab) (width 0.1))
    (fp_line (start -1.6 0.8) (end -1.6 -0.8) (layer F.Fab) (width 0.1))
    (pad 2 smd roundrect (at 1.4 0) (size 1.25 1.75) (layers F.Cu F.Paste F.Mask) (roundrect_rratio 0.2)
      (net 3 GNDA))
    (pad 1 smd roundrect (at -1.4 0) (size 1.25 1.75) (layers F.Cu F.Paste F.Mask) (roundrect_rratio 0.2)
      (net 4 +5V))
    (model ${KISYS3DMOD}/Capacitor_SMD.3dshapes/C_1206_3216Metric.wrl
      (at (xyz 0 0 0))
      (scale (xyz 1 1 1))
      (rotate (xyz 0 0 0))
    )
  )

  (module Capacitor_SMD:C_0603_1608Metric (layer F.Cu) (tedit 5B301BBE) (tstamp 5E7E18A8)
    (at 138.865001 86.025001)
    (descr "Capacitor SMD 0603 (1608 Metric), square (rectangular) end terminal, IPC_7351 nominal, (Body size source: http://www.tortai-tech.com/upload/download/2011102023233369053.pdf), generated with kicad-footprint-generator")
    (tags capacitor)
    (path /7D0E483A)
    (attr smd)
    (fp_text reference C8 (at 0 -1.43) (layer F.SilkS)
      (effects (font (size 1 1) (thickness 0.15)))
    )
    (fp_text value 100nF (at 0 1.43) (layer F.Fab)
      (effects (font (size 1 1) (thickness 0.15)))
    )
    (fp_line (start -0.8 0.4) (end -0.8 -0.4) (layer F.Fab) (width 0.1))
    (fp_line (start -0.8 -0.4) (end 0.8 -0.4) (layer F.Fab) (width 0.1))
    (fp_line (start 0.8 -0.4) (end 0.8 0.4) (layer F.Fab) (width 0.1))
    (fp_line (start 0.8 0.4) (end -0.8 0.4) (layer F.Fab) (width 0.1))
    (fp_line (start -0.162779 -0.51) (end 0.162779 -0.51) (layer F.SilkS) (width 0.12))
    (fp_line (start -0.162779 0.51) (end 0.162779 0.51) (layer F.SilkS) (width 0.12))
    (fp_line (start -1.48 0.73) (end -1.48 -0.73) (layer F.CrtYd) (width 0.05))
    (fp_line (start -1.48 -0.73) (end 1.48 -0.73) (layer F.CrtYd) (width 0.05))
    (fp_line (start 1.48 -0.73) (end 1.48 0.73) (layer F.CrtYd) (width 0.05))
    (fp_line (start 1.48 0.73) (end -1.48 0.73) (layer F.CrtYd) (width 0.05))
    (fp_text user %R (at 0 0) (layer F.Fab)
      (effects (font (size 0.4 0.4) (thickness 0.06)))
    )
    (pad 1 smd roundrect (at -0.7875 0) (size 0.875 0.95) (layers F.Cu F.Paste F.Mask) (roundrect_rratio 0.25)
      (net 2 GND))
    (pad 2 smd roundrect (at 0.7875 0) (size 0.875 0.95) (layers F.Cu F.Paste F.Mask) (roundrect_rratio 0.25)
      (net 1 +3V3))
    (model ${KISYS3DMOD}/Capacitor_SMD.3dshapes/C_0603_1608Metric.wrl
      (at (xyz 0 0 0))
      (scale (xyz 1 1 1))
      (rotate (xyz 0 0 0))
    )
  )

  (module Capacitor_SMD:C_0603_1608Metric (layer F.Cu) (tedit 5B301BBE) (tstamp 5E7E18B9)
    (at 134.855001 86.025001)
    (descr "Capacitor SMD 0603 (1608 Metric), square (rectangular) end terminal, IPC_7351 nominal, (Body size source: http://www.tortai-tech.com/upload/download/2011102023233369053.pdf), generated with kicad-footprint-generator")
    (tags capacitor)
    (path /38F91BEE)
    (attr smd)
    (fp_text reference C9 (at 0 -1.43) (layer F.SilkS)
      (effects (font (size 1 1) (thickness 0.15)))
    )
    (fp_text value 100nF (at 0 1.43) (layer F.Fab)
      (effects (font (size 1 1) (thickness 0.15)))
    )
    (fp_text user %R (at 0 0) (layer F.Fab)
      (effects (font (size 0.4 0.4) (thickness 0.06)))
    )
    (fp_line (start 1.48 0.73) (end -1.48 0.73) (layer F.CrtYd) (width 0.05))
    (fp_line (start 1.48 -0.73) (end 1.48 0.73) (layer F.CrtYd) (width 0.05))
    (fp_line (start -1.48 -0.73) (end 1.48 -0.73) (layer F.CrtYd) (width 0.05))
    (fp_line (start -1.48 0.73) (end -1.48 -0.73) (layer F.CrtYd) (width 0.05))
    (fp_line (start -0.162779 0.51) (end 0.162779 0.51) (layer F.SilkS) (width 0.12))
    (fp_line (start -0.162779 -0.51) (end 0.162779 -0.51) (layer F.SilkS) (width 0.12))
    (fp_line (start 0.8 0.4) (end -0.8 0.4) (layer F.Fab) (width 0.1))
    (fp_line (start 0.8 -0.4) (end 0.8 0.4) (layer F.Fab) (width 0.1))
    (fp_line (start -0.8 -0.4) (end 0.8 -0.4) (layer F.Fab) (width 0.1))
    (fp_line (start -0.8 0.4) (end -0.8 -0.4) (layer F.Fab) (width 0.1))
    (pad 2 smd roundrect (at 0.7875 0) (size 0.875 0.95) (layers F.Cu F.Paste F.Mask) (roundrect_rratio 0.25)
      (net 3 GNDA))
    (pad 1 smd roundrect (at -0.7875 0) (size 0.875 0.95) (layers F.Cu F.Paste F.Mask) (roundrect_rratio 0.25)
      (net 4 +5V))
    (model ${KISYS3DMOD}/Capacitor_SMD.3dshapes/C_0603_1608Metric.wrl
      (at (xyz 0 0 0))
      (scale (xyz 1 1 1))
      (rotate (xyz 0 0 0))
    )
  )

  (module Capacitor_THT:CP_Radial_D8.0mm_P3.50mm (layer F.Cu) (tedit 5AE50EF0) (tstamp 5E7E1962)
    (at 178.099699 72.435001)
    (descr "CP, Radial series, Radial, pin pitch=3.50mm, , diameter=8mm, Electrolytic Capacitor")
    (tags "CP Radial series Radial pin pitch 3.50mm  diameter 8mm Electrolytic Capacitor")
    (path /72F200C3)
    (fp_text reference C10 (at 1.75 -5.25) (layer F.SilkS)
      (effects (font (size 1 1) (thickness 0.15)))
    )
    (fp_text value 220uF (at 1.75 5.25) (layer F.Fab)
      (effects (font (size 1 1) (thickness 0.15)))
    )
    (fp_circle (center 1.75 0) (end 5.75 0) (layer F.Fab) (width 0.1))
    (fp_circle (center 1.75 0) (end 5.87 0) (layer F.SilkS) (width 0.12))
    (fp_circle (center 1.75 0) (end 6 0) (layer F.CrtYd) (width 0.05))
    (fp_line (start -1.676759 -1.7475) (end -0.876759 -1.7475) (layer F.Fab) (width 0.1))
    (fp_line (start -1.276759 -2.1475) (end -1.276759 -1.3475) (layer F.Fab) (width 0.1))
    (fp_line (start 1.75 -4.08) (end 1.75 4.08) (layer F.SilkS) (width 0.12))
    (fp_line (start 1.79 -4.08) (end 1.79 4.08) (layer F.SilkS) (width 0.12))
    (fp_line (start 1.83 -4.08) (end 1.83 4.08) (layer F.SilkS) (width 0.12))
    (fp_line (start 1.87 -4.079) (end 1.87 4.079) (layer F.SilkS) (width 0.12))
    (fp_line (start 1.91 -4.077) (end 1.91 4.077) (layer F.SilkS) (width 0.12))
    (fp_line (start 1.95 -4.076) (end 1.95 4.076) (layer F.SilkS) (width 0.12))
    (fp_line (start 1.99 -4.074) (end 1.99 4.074) (layer F.SilkS) (width 0.12))
    (fp_line (start 2.03 -4.071) (end 2.03 4.071) (layer F.SilkS) (width 0.12))
    (fp_line (start 2.07 -4.068) (end 2.07 4.068) (layer F.SilkS) (width 0.12))
    (fp_line (start 2.11 -4.065) (end 2.11 4.065) (layer F.SilkS) (width 0.12))
    (fp_line (start 2.15 -4.061) (end 2.15 4.061) (layer F.SilkS) (width 0.12))
    (fp_line (start 2.19 -4.057) (end 2.19 4.057) (layer F.SilkS) (width 0.12))
    (fp_line (start 2.23 -4.052) (end 2.23 4.052) (layer F.SilkS) (width 0.12))
    (fp_line (start 2.27 -4.048) (end 2.27 4.048) (layer F.SilkS) (width 0.12))
    (fp_line (start 2.31 -4.042) (end 2.31 4.042) (layer F.SilkS) (width 0.12))
    (fp_line (start 2.35 -4.037) (end 2.35 4.037) (layer F.SilkS) (width 0.12))
    (fp_line (start 2.39 -4.03) (end 2.39 4.03) (layer F.SilkS) (width 0.12))
    (fp_line (start 2.43 -4.024) (end 2.43 4.024) (layer F.SilkS) (width 0.12))
    (fp_line (start 2.471 -4.017) (end 2.471 -1.04) (layer F.SilkS) (width 0.12))
    (fp_line (start 2.471 1.04) (end 2.471 4.017) (layer F.SilkS) (width 0.12))
    (fp_line (start 2.511 -4.01) (end 2.511 -1.04) (layer F.SilkS) (width 0.12))
    (fp_line (start 2.511 1.04) (end 2.511 4.01) (layer F.SilkS) (width 0.12))
    (fp_line (start 2.551 -4.002) (end 2.551 -1.04) (layer F.SilkS) (width 0.12))
    (fp_line (start 2.551 1.04) (end 2.551 4.002) (layer F.SilkS) (width 0.12))
    (fp_line (start 2.591 -3.994) (end 2.591 -1.04) (layer F.SilkS) (width 0.12))
    (fp_line (start 2.591 1.04) (end 2.591 3.994) (layer F.SilkS) (width 0.12))
    (fp_line (start 2.631 -3.985) (end 2.631 -1.04) (layer F.SilkS) (width 0.12))
    (fp_line (start 2.631 1.04) (end 2.631 3.985) (layer F.SilkS) (width 0.12))
    (fp_line (start 2.671 -3.976) (end 2.671 -1.04) (layer F.SilkS) (width 0.12))
    (fp_line (start 2.671 1.04) (end 2.671 3.976) (layer F.SilkS) (width 0.12))
    (fp_line (start 2.711 -3.967) (end 2.711 -1.04) (layer F.SilkS) (width 0.12))
    (fp_line (start 2.711 1.04) (end 2.711 3.967) (layer F.SilkS) (width 0.12))
    (fp_line (start 2.751 -3.957) (end 2.751 -1.04) (layer F.SilkS) (width 0.12))
    (fp_line (start 2.751 1.04) (end 2.751 3.957) (layer F.SilkS) (width 0.12))
    (fp_line (start 2.791 -3.947) (end 2.791 -1.04) (layer F.SilkS) (width 0.12))
    (fp_line (start 2.791 1.04) (end 2.791 3.947) (layer F.SilkS) (width 0.12))
    (fp_line (start 2.831 -3.936) (end 2.831 -1.04) (layer F.SilkS) (width 0.12))
    (fp_line (start 2.831 1.04) (end 2.831 3.936) (layer F.SilkS) (width 0.12))
    (fp_line (start 2.871 -3.925) (end 2.871 -1.04) (layer F.SilkS) (width 0.12))
    (fp_line (start 2.871 1.04) (end 2.871 3.925) (layer F.SilkS) (width 0.12))
    (fp_line (start 2.911 -3.914) (end 2.911 -1.04) (layer F.SilkS) (width 0.12))
    (fp_line (start 2.911 1.04) (end 2.911 3.914) (layer F.SilkS) (width 0.12))
    (fp_line (start 2.951 -3.902) (end 2.951 -1.04) (layer F.SilkS) (width 0.12))
    (fp_line (start 2.951 1.04) (end 2.951 3.902) (layer F.SilkS) (width 0.12))
    (fp_line (start 2.991 -3.889) (end 2.991 -1.04) (layer F.SilkS) (width 0.12))
    (fp_line (start 2.991 1.04) (end 2.991 3.889) (layer F.SilkS) (width 0.12))
    (fp_line (start 3.031 -3.877) (end 3.031 -1.04) (layer F.SilkS) (width 0.12))
    (fp_line (start 3.031 1.04) (end 3.031 3.877) (layer F.SilkS) (width 0.12))
    (fp_line (start 3.071 -3.863) (end 3.071 -1.04) (layer F.SilkS) (width 0.12))
    (fp_line (start 3.071 1.04) (end 3.071 3.863) (layer F.SilkS) (width 0.12))
    (fp_line (start 3.111 -3.85) (end 3.111 -1.04) (layer F.SilkS) (width 0.12))
    (fp_line (start 3.111 1.04) (end 3.111 3.85) (layer F.SilkS) (width 0.12))
    (fp_line (start 3.151 -3.835) (end 3.151 -1.04) (layer F.SilkS) (width 0.12))
    (fp_line (start 3.151 1.04) (end 3.151 3.835) (layer F.SilkS) (width 0.12))
    (fp_line (start 3.191 -3.821) (end 3.191 -1.04) (layer F.SilkS) (width 0.12))
    (fp_line (start 3.191 1.04) (end 3.191 3.821) (layer F.SilkS) (width 0.12))
    (fp_line (start 3.231 -3.805) (end 3.231 -1.04) (layer F.SilkS) (width 0.12))
    (fp_line (start 3.231 1.04) (end 3.231 3.805) (layer F.SilkS) (width 0.12))
    (fp_line (start 3.271 -3.79) (end 3.271 -1.04) (layer F.SilkS) (width 0.12))
    (fp_line (start 3.271 1.04) (end 3.271 3.79) (layer F.SilkS) (width 0.12))
    (fp_line (start 3.311 -3.774) (end 3.311 -1.04) (layer F.SilkS) (width 0.12))
    (fp_line (start 3.311 1.04) (end 3.311 3.774) (layer F.SilkS) (width 0.12))
    (fp_line (start 3.351 -3.757) (end 3.351 -1.04) (layer F.SilkS) (width 0.12))
    (fp_line (start 3.351 1.04) (end 3.351 3.757) (layer F.SilkS) (width 0.12))
    (fp_line (start 3.391 -3.74) (end 3.391 -1.04) (layer F.SilkS) (width 0.12))
    (fp_line (start 3.391 1.04) (end 3.391 3.74) (layer F.SilkS) (width 0.12))
    (fp_line (start 3.431 -3.722) (end 3.431 -1.04) (layer F.SilkS) (width 0.12))
    (fp_line (start 3.431 1.04) (end 3.431 3.722) (layer F.SilkS) (width 0.12))
    (fp_line (start 3.471 -3.704) (end 3.471 -1.04) (layer F.SilkS) (width 0.12))
    (fp_line (start 3.471 1.04) (end 3.471 3.704) (layer F.SilkS) (width 0.12))
    (fp_line (start 3.511 -3.686) (end 3.511 -1.04) (layer F.SilkS) (width 0.12))
    (fp_line (start 3.511 1.04) (end 3.511 3.686) (layer F.SilkS) (width 0.12))
    (fp_line (start 3.551 -3.666) (end 3.551 -1.04) (layer F.SilkS) (width 0.12))
